s 1 36
s 2 17
s 3 16
s 4 55
s 5 2
s 6 89
s 7 61
s 8 84
s 9 67
s 10 29
s 11 52
s 12 10
s 13 55
s 14 41
s 15 34
s 16 58
s 17 88
s 18 52
s 19 93
1 2 69
1 3 27
1 4 35
1 5 89
1 6 28
1 7 15
1 8 23
1 9 34
1 10 22
1 12 90
1 13 80
1 15 18
1 16 11
1 17 88
1 18 45
1 19 18
2 1 69
2 3 76
2 4 3
2 5 54
2 6 54
2 7 63
2 8 80
2 9 10
2 10 72
2 11 82
2 12 20
2 13 12
2 14 90
2 15 81
2 16 98
2 17 65
2 18 87
2 19 14
3 1 27
3 2 76
3 4 56
3 5 79
3 6 6
3 7 64
3 8 47
3 9 28
3 10 72
3 11 69
3 12 52
3 13 96
3 14 88
3 15 31
3 16 98
3 17 39
3 18 1
3 19 81
4 1 35
4 2 3
4 3 56
4 5 43
4 6 37
4 7 76
4 8 89
4 9 57
4 10 52
4 11 69
4 12 88
4 13 20
4 14 37
4 15 49
4 16 83
4 17 97
4 18 22
4 19 54
5 1 89
5 2 54
5 3 79
5 4 43
5 6 77
5 7 68
5 8 1
5 9 28
5 10 97
5 11 96
5 12 46
5 13 84
5 14 74
5 15 63
5 16 19
5 17 24
5 18 24
5 19 40
6 1 28
6 2 54
6 3 6
6 4 37
6 5 77
6 7 36
6 8 21
6 9 55
6 10 9
6 11 16
6 12 56
6 13 30
6 14 65
6 15 29
6 16 58
6 17 8
6 18 95
6 19 42
7 1 15
7 2 63
7 3 64
7 4 76
7 5 68
7 6 36
7 8 81
7 9 75
7 10 35
7 11 19
7 12 19
7 13 73
7 14 77
7 15 62
7 16 70
7 17 66
7 18 8
7 19 51
8 1 23
8 2 80
8 3 47
8 4 89
8 5 1
8 6 21
8 7 81
8 9 74
8 10 9
8 11 43
8 12 88
8 13 71
8 14 96
8 15 30
8 16 69
8 17 68
8 18 48
8 19 77
9 1 34
9 2 10
9 3 28
9 4 57
9 5 28
9 6 55
9 7 75
9 8 74
9 10 15
9 11 68
9 12 92
9 13 61
9 14 22
9 15 82
9 16 70
9 17 61
9 18 88
9 19 29
10 1 22
10 2 72
10 3 72
10 4 52
10 5 97
10 6 9
10 7 35
10 8 9
10 9 15
10 11 37
10 12 15
10 13 99
10 14 51
10 15 50
10 16 47
10 17 2
10 18 41
10 19 69
11 2 82
11 3 69
11 4 69
11 5 96
11 6 16
11 7 19
11 8 43
11 9 68
11 10 37
11 12 55
11 13 11
11 14 46
11 15 46
11 16 66
11 17 15
11 18 12
11 19 73
12 1 90
12 2 20
12 3 52
12 4 88
12 5 46
12 6 56
12 7 19
12 8 88
12 9 92
12 10 15
12 11 55
12 13 51
12 14 89
12 15 91
12 16 28
12 17 19
12 18 41
12 19 62
13 1 80
13 2 12
13 3 96
13 4 20
13 5 84
13 6 30
13 7 73
13 8 71
13 9 61
13 10 99
13 11 11
13 12 51
13 14 79
13 15 80
13 16 98
13 17 28
13 18 18
13 19 94
14 2 90
14 3 88
14 4 37
14 5 74
14 6 65
14 7 77
14 8 96
14 9 22
14 10 51
14 11 46
14 12 89
14 13 79
14 15 56
14 16 17
14 17 81
14 18 8
14 19 16
15 1 18
15 2 81
15 3 31
15 4 49
15 5 63
15 6 29
15 7 62
15 8 30
15 9 82
15 10 50
15 11 46
15 12 91
15 13 80
15 14 56
15 16 77
15 17 28
15 18 66
15 19 47
16 1 11
16 2 98
16 3 98
16 4 83
16 5 19
16 6 58
16 7 70
16 8 69
16 9 70
16 10 47
16 11 66
16 12 28
16 13 98
16 14 17
16 15 77
16 17 4
16 18 90
16 19 90
17 1 88
17 2 65
17 3 39
17 4 97
17 5 24
17 6 8
17 7 66
17 8 68
17 9 61
17 10 2
17 11 15
17 12 19
17 13 28
17 14 81
17 15 28
17 16 4
17 18 32
17 19 30
18 1 45
18 2 87
18 3 1
18 4 22
18 5 24
18 6 95
18 7 8
18 8 48
18 9 88
18 10 41
18 11 12
18 12 41
18 13 18
18 14 8
18 15 66
18 16 90
18 17 32
18 19 86
1 t 18
2 t 14
3 t 81
4 t 54
5 t 40
6 t 42
7 t 51
8 t 77
9 t 29
10 t 69
11 t 73
12 t 62
13 t 94
14 t 16
15 t 47
16 t 90
17 t 30
18 t 86
