s 3 23
s 9 90
s 17 24
s 22 86
s 25 70
s 27 48
s 42 3
s 46 74
1 5 39
1 9 49
1 11 84
1 17 8
1 18 89
1 23 49
1 25 41
1 26 90
1 27 18
1 28 41
1 30 38
1 31 5
1 32 57
1 35 95
1 37 96
1 40 20
1 48 37
1 49 50
2 3 15
2 8 38
2 9 72
2 17 50
2 20 48
2 26 67
2 27 63
2 31 52
2 32 14
2 34 74
2 45 2
2 48 43
2 49 67
3 2 15
3 6 73
3 17 100
3 18 75
3 21 83
3 23 74
3 26 75
3 30 65
3 34 69
3 38 13
3 45 7
4 12 1
4 16 41
4 17 84
4 29 46
4 33 8
4 38 33
4 42 22
4 45 63
4 48 21
4 49 6
5 1 39
5 6 20
5 7 96
5 9 47
5 15 76
5 25 18
5 26 66
5 32 84
5 33 89
5 34 52
5 38 12
6 3 73
6 5 20
6 7 67
6 16 61
6 20 14
6 30 64
6 44 92
6 45 94
6 48 85
6 49 30
7 5 96
7 6 67
7 8 90
7 9 83
7 10 28
7 12 75
7 16 86
7 19 16
7 24 66
7 28 64
7 35 68
7 37 55
7 40 11
7 47 38
8 2 38
8 7 90
8 20 55
8 21 49
8 32 25
8 33 90
8 39 76
9 1 49
9 2 72
9 5 47
9 7 83
9 10 75
9 15 60
9 18 8
9 20 73
9 27 78
9 34 31
9 36 33
9 39 81
9 43 79
9 48 90
10 7 28
10 9 75
10 13 5
10 22 72
10 23 66
10 26 80
10 28 33
10 37 67
10 41 33
11 1 84
11 12 89
11 14 25
11 22 33
11 23 90
11 27 98
11 29 55
11 37 40
11 38 75
11 39 54
11 42 2
11 43 71
12 4 1
12 7 75
12 11 89
12 14 83
12 34 75
13 10 5
13 16 40
13 19 49
13 20 62
13 24 11
13 27 82
13 30 65
13 40 88
13 42 73
14 11 25
14 12 83
14 18 74
14 24 96
14 30 99
14 31 3
14 47 62
14 49 89
15 5 76
15 9 60
15 16 89
15 24 88
15 28 2
15 37 77
15 39 32
15 41 67
15 48 99
16 4 41
16 6 61
16 7 86
16 13 40
16 15 89
16 22 100
16 27 76
16 30 64
16 41 77
16 48 95
16 49 93
17 1 8
17 2 50
17 3 100
17 4 84
17 20 38
17 25 91
17 27 46
17 29 97
17 32 20
17 38 93
18 1 89
18 3 75
18 9 8
18 14 74
18 19 58
18 20 50
18 24 84
19 7 16
19 13 49
19 18 58
19 30 17
19 31 49
19 33 22
19 36 86
19 39 37
20 2 48
20 6 14
20 8 55
20 9 73
20 13 62
20 17 38
20 18 50
20 21 11
20 36 22
20 40 82
20 43 58
20 48 25
21 3 83
21 8 49
21 20 11
21 24 15
21 35 38
21 38 54
21 42 20
21 45 34
21 46 44
21 47 71
22 10 72
22 11 33
22 16 100
22 23 34
22 45 3
22 47 15
23 1 49
23 3 74
23 10 66
23 11 90
23 22 34
23 24 50
23 32 20
23 39 45
24 7 66
24 13 11
24 14 96
24 15 88
24 18 84
24 21 15
24 23 50
24 25 10
24 26 53
24 28 30
24 29 50
24 30 66
24 42 55
24 43 25
25 1 41
25 5 18
25 17 91
25 24 10
25 26 85
25 28 50
25 33 16
25 40 70
25 41 45
25 43 88
25 44 48
25 45 11
25 49 26
26 1 90
26 2 67
26 3 75
26 5 66
26 10 80
26 24 53
26 25 85
26 29 58
26 38 62
26 42 63
26 46 66
27 1 18
27 2 63
27 9 78
27 11 98
27 13 82
27 16 76
27 17 46
27 31 89
27 37 37
27 38 98
27 41 41
27 42 84
27 44 91
27 46 47
28 1 41
28 7 64
28 10 33
28 15 2
28 24 30
28 25 50
28 37 15
28 42 91
28 43 59
29 4 46
29 11 55
29 17 97
29 24 50
29 26 58
29 32 32
29 42 92
30 1 38
30 3 65
30 6 64
30 13 65
30 14 99
30 16 64
30 19 17
30 24 66
30 32 16
30 38 77
30 40 94
30 47 74
31 1 5
31 2 52
31 14 3
31 19 49
31 27 89
31 32 59
31 49 70
32 1 57
32 2 14
32 5 84
32 8 25
32 17 20
32 23 20
32 29 32
32 30 16
32 31 59
32 34 45
32 39 22
32 40 32
32 45 17
32 46 84
32 47 28
33 4 8
33 5 89
33 8 90
33 19 22
33 25 16
33 37 90
33 38 18
33 39 34
33 41 25
33 44 94
33 45 81
33 49 98
34 2 74
34 3 69
34 5 52
34 9 31
34 12 75
34 32 45
34 36 32
34 44 42
35 1 95
35 7 68
35 21 38
35 42 11
35 45 5
35 47 13
35 48 23
35 49 98
36 9 33
36 19 86
36 20 22
36 34 32
36 38 24
36 39 57
36 48 47
36 49 19
37 1 96
37 7 55
37 10 67
37 11 40
37 15 77
37 27 37
37 28 15
37 33 90
38 3 13
38 4 33
38 5 12
38 11 75
38 17 93
38 21 54
38 26 62
38 27 98
38 30 77
38 33 18
38 36 24
38 48 97
39 8 76
39 9 81
39 11 54
39 15 32
39 19 37
39 23 45
39 32 22
39 33 34
39 36 57
39 45 42
39 47 2
39 48 65
40 1 20
40 7 11
40 13 88
40 20 82
40 25 70
40 30 94
40 32 32
41 10 33
41 15 67
41 16 77
41 25 45
41 27 41
41 33 25
42 4 22
42 11 2
42 13 73
42 21 20
42 24 55
42 26 63
42 27 84
42 28 91
42 29 92
42 35 11
43 9 79
43 11 71
43 20 58
43 24 25
43 25 88
43 28 59
43 47 45
44 6 92
44 25 48
44 27 91
44 33 94
44 34 42
44 45 100
45 2 2
45 3 7
45 4 63
45 6 94
45 21 34
45 22 3
45 25 11
45 32 17
45 33 81
45 35 5
45 39 42
45 44 100
46 21 44
46 26 66
46 27 47
46 32 84
46 49 76
47 7 38
47 14 62
47 21 71
47 22 15
47 30 74
47 32 28
47 35 13
47 39 2
47 43 45
48 1 37
48 2 43
48 4 21
48 6 85
48 9 90
48 15 99
48 16 95
48 20 25
48 35 23
48 36 47
48 38 97
48 39 65
1 t 50
2 t 67
4 t 6
6 t 30
14 t 89
16 t 93
25 t 26
31 t 70
33 t 98
35 t 98
36 t 19
46 t 76
