s 3 51
s 5 4
s 6 63
s 7 11
s 8 18
s 10 59
s 13 58
s 15 25
s 19 47
1 2 91
1 4 76
1 6 69
1 7 94
1 8 23
1 10 1
1 11 56
1 12 76
1 14 61
1 15 22
1 16 87
1 19 10
2 1 91
2 7 57
2 8 82
2 11 5
2 14 77
2 18 5
2 19 46
3 4 89
3 5 75
3 8 12
3 9 98
3 10 32
3 11 53
3 13 82
3 16 76
3 18 63
4 1 76
4 3 89
4 5 59
4 7 29
4 8 58
4 10 89
4 12 31
4 15 91
4 16 27
4 17 82
4 18 95
4 19 62
5 3 75
5 4 59
5 7 63
5 8 66
5 12 38
5 15 21
5 17 75
6 1 69
6 9 64
6 17 42
7 1 94
7 2 57
7 4 29
7 5 63
7 12 37
7 13 81
8 1 23
8 2 82
8 3 12
8 4 58
8 5 66
8 11 38
8 12 12
8 13 27
8 15 71
8 18 20
8 19 63
9 3 98
9 6 64
9 13 18
9 14 96
9 16 25
9 18 5
9 19 92
10 1 1
10 3 32
10 4 89
10 11 16
10 14 83
10 18 18
11 1 56
11 2 5
11 3 53
11 8 38
11 10 16
11 12 79
11 17 82
12 1 76
12 4 31
12 5 38
12 7 37
12 8 12
12 11 79
12 16 4
13 3 82
13 7 81
13 8 27
13 9 18
13 18 21
13 19 4
14 1 61
14 2 77
14 9 96
14 10 83
14 17 43
14 18 48
14 19 89
15 1 22
15 4 91
15 5 21
15 8 71
15 16 56
15 17 3
15 18 28
15 19 77
16 1 87
16 3 76
16 4 27
16 9 25
16 12 4
16 15 56
16 17 98
16 19 59
17 4 82
17 5 75
17 6 42
17 11 82
17 14 43
17 15 3
17 16 98
17 19 90
18 2 5
18 3 63
18 4 95
18 8 20
18 9 5
18 10 18
18 13 21
18 14 48
18 15 28
18 19 58
1 t 10
2 t 46
4 t 62
8 t 63
9 t 92
13 t 4
14 t 89
15 t 77
16 t 59
17 t 90
18 t 58
