s 1 22
s 2 77
s 3 17
s 6 68
s 7 76
s 8 55
s 9 70
s 10 70
s 11 71
s 12 7
s 13 23
s 14 63
s 16 51
s 17 34
1 4 55
1 6 24
1 7 68
1 8 93
1 9 31
1 10 4
1 11 10
1 12 27
1 13 17
1 14 10
1 15 64
1 16 63
1 18 67
2 3 73
2 6 50
2 7 40
2 8 82
2 9 47
2 10 23
2 11 14
2 12 8
2 13 95
2 14 81
2 15 90
2 18 12
3 2 73
3 4 87
3 5 47
3 7 55
3 9 80
3 11 56
3 13 18
3 15 85
3 16 39
3 17 7
3 18 40
3 19 19
4 1 55
4 3 87
4 5 33
4 6 24
4 7 76
4 8 91
4 9 89
4 10 9
4 12 19
4 13 69
4 14 87
4 15 57
4 16 65
4 17 42
4 18 47
5 3 47
5 4 33
5 7 48
5 8 59
5 9 26
5 10 72
5 11 72
5 12 43
5 14 100
5 17 68
5 18 31
5 19 69
6 1 24
6 2 50
6 4 24
6 7 79
6 9 9
6 10 30
6 11 12
6 12 82
6 13 28
6 14 83
6 15 63
6 16 27
6 17 16
6 18 34
6 19 79
7 1 68
7 2 40
7 3 55
7 4 76
7 5 48
7 6 79
7 8 50
7 10 36
7 11 14
7 12 24
7 13 40
7 14 49
7 15 83
7 17 1
7 18 57
7 19 22
8 1 93
8 2 82
8 4 91
8 5 59
8 7 50
8 9 59
8 10 83
8 11 74
8 13 90
8 14 5
8 15 85
8 17 47
8 19 23
9 1 31
9 2 47
9 3 80
9 4 89
9 5 26
9 6 9
9 8 59
9 10 23
9 11 18
9 12 80
9 13 49
9 15 67
9 16 64
9 17 87
9 18 68
9 19 52
10 1 4
10 2 23
10 4 9
10 5 72
10 6 30
10 7 36
10 8 83
10 9 23
10 11 40
10 12 61
10 13 42
10 14 14
10 15 32
10 16 47
10 17 28
10 19 79
11 1 10
11 2 14
11 3 56
11 5 72
11 6 12
11 7 14
11 8 74
11 9 18
11 10 40
11 12 39
11 13 17
11 14 34
11 16 34
11 17 26
11 18 55
12 1 27
12 2 8
12 4 19
12 5 43
12 6 82
12 7 24
12 9 80
12 10 61
12 11 39
12 13 43
12 14 52
12 15 13
12 16 85
12 17 78
12 19 68
13 1 17
13 2 95
13 3 18
13 4 69
13 6 28
13 7 40
13 8 90
13 9 49
13 10 42
13 11 17
13 12 43
13 14 87
13 15 82
13 16 24
13 17 78
13 19 21
14 1 10
14 2 81
14 4 87
14 5 100
14 6 83
14 7 49
14 8 5
14 10 14
14 11 34
14 12 52
14 13 87
14 16 74
14 17 22
14 18 18
14 19 20
15 1 64
15 2 90
15 3 85
15 4 57
15 6 63
15 7 83
15 8 85
15 9 67
15 10 32
15 12 13
15 13 82
15 16 12
15 17 29
15 18 32
15 19 90
16 1 63
16 3 39
16 4 65
16 6 27
16 9 64
16 10 47
16 11 34
16 12 85
16 13 24
16 14 74
16 15 12
16 18 29
16 19 76
17 3 7
17 4 42
17 5 68
17 6 16
17 7 1
17 8 47
17 9 87
17 10 28
17 11 26
17 12 78
17 13 78
17 14 22
17 15 29
17 18 46
17 19 43
18 1 67
18 2 12
18 3 40
18 4 47
18 5 31
18 6 34
18 7 57
18 9 68
18 11 55
18 14 18
18 15 32
18 16 29
18 17 46
3 t 19
5 t 69
6 t 79
7 t 22
8 t 23
9 t 52
10 t 79
12 t 68
13 t 21
14 t 20
15 t 90
16 t 76
17 t 43
